Type	MissingReadOrGap	MissingNon-ReadOrGap	Non-MissingReadOrGap	Non-MissingNon-ReadOrGap
Genome	35540582	177872028	1543248304	101874657
NC_041728	3870288	20037680	152544031	10054017
NC_041729	3758840	17310095	141062424	9588304
NC_041730	3069013	13977920	117299541	7640608
NC_041731	2586970	11883347	114732544	6891528
NC_041732	2266208	12329327	88791796	6905699
NC_041733	868062	3683629	44667940	2273861
NC_041734	1444595	6624168	71041588	4227692
NC_041735	930607	4599080	62523249	2896878
NC_041736	679362	3247909	55905461	2028491
NC_041737	929660	4489886	51453838	2571312
NC_041738	1207565	6838672	51661600	3798194
NC_041739	836848	4654246	52510184	2454771
NC_041740	489012	2899444	37323109	1583077
NC_041741	575563	2827684	47512769	1973390
NC_041742	371279	1475336	23527501	1000903
NC_041743	677079	3329796	40153650	2236750
NC_041744	722933	4348287	38417721	2047729
NC_041745	662342	4499877	37449455	2072827
NC_041746	333741	1867504	31752832	1166464
NC_041747	329638	2788162	26499452	918282
NC_041748	573236	3683213	18398765	1859645
NC_041749	2373594	12955426	102117661	7594233
NC_041750	544559	3183276	23979436	1954835
NC_041751	368580	1681937	30631421	1181398
NC_041752	274175	1882800	5659457	823024
NC_041753	1354268	8515706	55858044	4411302
NW_021638003	52133	423404	59248	699215
NW_021638004	184240	1814426	345935	2576524
NW_021638005	54520	953849	70612	1938590
NW_021638006	49103	685359	23690	259848
NW_021638007	39405	489360	1645	47983
NW_021638008	3442	1895	15189	727
NW_021638009	665	2210	19040	162
NW_021638010	37986	1170	31985	0
NW_021638011	851	99	20610	0
NW_021638012	3008	6189	43583	1933
NW_021638013	2004	9173	16990	1567
NW_021638014	704	0	31053	0
NW_021638015	1956	40220	0	5293
NW_021638016	34835	0	19568	0
NW_021638017	2044	4386	25499	3708
NW_021638018	0	17255	0	3062
NW_021638019	6444	0	14357	24
NW_021638020	14732	0	5647	0
NW_021638021	2473	33634	4766	4968
NW_021638022	5753	17816	15886	6001
NW_021638023	607	1089	23377	1653
NW_021638024	414	165	30518	2069
NW_021638025	9849	249	13841	0
NW_021638026	1488	1410	42174	4151
NW_021638027	226	39807	0	2955
NW_021638028	310	0	26983	0
NW_021638029	4328	9158	28841	5442
NW_021638030	1707	3454	19463	3887
NW_021638031	828	0	20417	911
NW_021638032	725	3116	27093	2261
NW_021638033	637	482	22505	17
NW_021638034	8613	148	19227	0
NW_021638035	28908	107553	17329	18853
NW_021638036	14246	0	10628	50
NW_021638037	0	23103	0	2659
NW_021638038	1550	4650	23130	4413
NW_021638039	1105	56655	0	892
NW_021638040	146521	334893	665924	133420
NW_021638041	4318	10196	83430	3588
NW_021638042	1521	1121	50366	453
NW_021638043	132780	1775496	11990	290974
NW_021638044	7277	0	31432	0
NW_021638045	1126	3740	20157	4377
NW_021638046	4744	11116	26612	7307
NW_021638047	256	2322	23221	7655
NW_021638048	75	247	22609	626
NW_021638049	738	3558	16223	4828
NW_021638050	776	25477	0	6897
NW_021638051	2320	0	21583	0
NW_021638052	4953	11606	19433	1833
NW_021638053	11736	54	11715	0
NW_021638054	633	855	19392	418
NW_021638055	1005	8763	11666	2677
NW_021638056	25045	840	7082	0
NW_021638057	2550	70105	9	2683
NW_021638058	5926	16054	13163	3450
NW_021638059	7776	23219	54204	6896
NW_021638060	341	1609	23332	1733
NW_021638061	16207	50	17285	48
NW_021638062	75543	287846	986083	388249
NW_021638063	9623	11395	419210	443257
NW_021638064	1746	4196	40282	3750
NW_021638065	3030	57394	0	6267
NW_021638066	98	464	92577	2356
NW_021638067	77304	151545	359493	37476
NW_021638068	10613	7585	27556	1974
NW_021638069	4135	9173	35443	6113
NW_021638070	1234	598	26404	0
NW_021638071	31997	2355	5916	0
NW_021638072	27443	125288	31217	30750
NW_021638073	4858	5091	25337	2034
NW_021638074	11273	572	27984	0
NW_021638075	823	3114	37177	4148
NW_021638076	878	22389	0	643
NW_021638077	8510	0	32227	0
NW_021638078	645	2726	45417	4536
NW_021638079	92184	553097	3211465	351616
NW_021638080	2804	22813	0	3111
NW_021638081	4350	2951	24270	510
NW_021638082	1044	3933	31839	964
NW_021638083	32946	3391	11173	0
NW_021638084	214	3621	28762	2862
NW_021638085	36	1703	52188	2119
NW_021638086	9205	71769	17688	11314
NW_021638087	7556	10356	32943	6282
NW_021638088	508	22	59206	76
NW_021638089	616	15988	18067	2492
NW_021638090	19642	18	28259	0
NW_021638091	0	0	25603	0
NW_021638092	2605	3401	31020	566
NW_021638093	18883	697	3930	0
NW_021638094	6033	977	35136	2503
NW_021638095	8958	0	14697	0
NW_021638096	1904	8683	17638	8577
NW_021638097	2330	18236	0	1650
NW_021638098	7543	49	14754	0
NW_021638099	980	356	18554	3786
NW_021638100	1543	965	43471	1430
NW_021638101	618	5261	31173	2315
NW_021638102	1340	1507	46741	92
NW_021638103	2064	5281	17410	2567
NW_021638104	3990	3458	32320	650
NW_021638105	25348	401	1655	0
NW_021638106	3275	7409	10708	1927
NW_021638107	627	68919	0	4311
NW_021638108	776	17265	0	2202
NW_021638109	7132	2154	24598	65
NW_021638110	5385	44684	34128	7508
NW_021638111	4344	1886	15244	2436
NW_021638112	495	6727	20355	5212
NW_021638113	3104	3877	26748	1863
NW_021638114	5905	14504	46720	4575
NW_021638115	99	538	24537	232
NW_021638116	41084	54346	621762	24287
NW_021638117	1982	10611	17025	13754
NW_021638118	13318	1492	5603	0
NW_021638119	24852	80475	201346	21750
NW_021638120	1747	674	43576	520
NW_021638121	803	1892	56415	767
NW_021638122	1959	1231	34821	0
NW_021638123	1077	27423	0	918
NW_021638124	0	0	30793	0
NW_021638125	17631	172	16046	0
NW_021638126	43276	248	40961	0
NW_021638127	4904	6911	40985	3463
NW_021638128	5632	9553	30771	3126
NW_021638129	26310	0	20698	0
NW_021638130	1009	5814	47341	4680
NW_021638131	54359	1797	17453	0
NW_021638132	26281	99	48170	0
NW_021638133	17441	118	6562	0
NW_021638134	9571	0	31051	0
NW_021638135	0	0	22046	0
NW_021638136	2546	50221	10	1562
NW_021638137	30	0	26792	0
NW_021638138	13471	17	22055	8
NW_021638139	139227	29736	65987	2769
NW_021638140	4266	14057	8562	3670
NW_021638141	1246	25	21462	0
NW_021638142	15273	0	40201	0
NW_021638143	17030	2239	5037	0
NW_021638144	2782	40834	1884	10347
NW_021638145	776	20361	0	3004
NW_021638146	3011	17156	141938	12567
NW_021638147	20549	74	18636	0
NW_021638148	1832	1807	17806	2837
NW_021638149	12777	0	19701	0
NW_021638150	1600	224	28779	193
NW_021638151	2816	13122	16737	2372
NW_021638152	4811	549	20066	0
NW_021638153	11	0	24920	0
NW_021638154	3622	49	22595	0
NW_021638155	6731	14647	21081	4867
NW_021638156	889	4116	30071	2498
NW_021638157	349	0	20143	49
NW_021638158	6596	28882	13291	2116
NW_021638159	6659	5370	14251	555
NW_021638160	10055	21326	26570	8191
NW_021638161	7644	39034	377568	35548
NW_021638162	16832	224	14921	0
NW_021638163	291	4222	12182	24780
NW_021638164	1291	4217	26916	9602
NW_021638165	1911	13630	18463	6506
NW_021638166	2696	26346	27285	6289
NW_021638167	5524	0	19215	0
NW_021638168	7138	15094	24110	3236
NW_021638169	8739	40165	26520	5731
NW_021638170	359	33140	2046	1222
NW_021638171	6349	14001	31173	1170
NW_021638172	25359	54111	314985	26709
NW_021638173	11020	28	18506	0
NW_021638174	11394	0	15362	0
NW_021638175	9347	216	11210	57
NW_021638176	39103	431	17426	1
NW_021638177	2829	618	24927	4332
NW_021638178	0	14484	0	0
NW_021638179	902	19817	0	904
NW_021638180	2647	1694	41848	3330
NW_021638181	552	10522	16170	1819
NW_021638182	872	55	44989	641
NW_021638183	1352	24000	0	3282
NW_021638184	23513	400	11060	0
NW_021638185	424	878	22460	5312
NW_021638186	733	0	26339	125
NW_021638187	2402	5602	44577	855
NW_021638188	5918	7283	21446	2202
NW_021638189	1479	10366	11305	5521
NW_021638190	707	49	21512	0
NW_021638191	16867	1845	2768	99
NW_021638192	0	0	35538	0
NW_021638193	1345	5899	23480	3131
NW_021638194	15667	1022	30851	0
NW_021638195	1400	14083	16151	2185
NW_021638196	32534	1423	11910	215
NW_021638197	9	2509	20048	190
NW_021638198	94	2156	35825	9160
NW_021638199	3508	3082	1726	3817
NW_021638200	7453	3805	12212	1977
NW_021638201	207	9659	10308	7846
NW_021638202	7246	1264	22721	541
NW_021638203	9745	14139	171380	25462
NW_021638204	3335	0	47105	0
NW_021638205	4820	9535	32212	5295
NW_021638206	5190	11715	8663	1593
NW_021638207	1488	4668	76637	2516
NW_021638208	176	19102	0	2958
NW_021638209	6630	3038	27524	8646
NW_021638210	1610	9961	27604	4211
NW_021638211	20633	847	22520	22
NW_021638212	3934	3604	21573	4306
NW_021638213	265	1003	22150	1390
NW_021638214	11320	3103	12771	859
NW_021638215	1318	24	30113	0
NW_021638216	25034	3399	4850	83
NW_021638217	2382	11665	13250	6448
NW_021638218	4765	7243	41841	3002
NW_021638219	835	1406	26827	3195
NW_021638220	209	374	29358	977
NW_021638221	15976	31220	156351	25110
NW_021638222	3295	9017	23855	878
NW_021638223	9560	0	31702	0
NW_021638224	834	462	53895	411
NW_021638225	45527	95840	286347	398391
NW_021638226	1944	267	25312	182
NW_021638227	1101	41507	0	1127
NW_021638228	6734	0	28479	0
NW_021638229	12707	26600	83170	32176
NW_021638230	3080	99911	0	6085
NW_021638231	22077	745	16975	0
NW_021638232	1274	0	31556	24
NW_021638233	5196	33264	12615	3112
NW_021638234	11271	123	9754	0
NW_021638235	26102	1821	875	0
NW_021638236	1565	11642	5032	11544
NW_021638237	6248	0	17683	0
NW_021638238	1858	13082	9126	2250
NW_021638239	6624	123	21760	0
NW_021638240	238	795	19172	1562
NW_021638241	3296	0	19098	0
NW_021638242	37170	85311	261892	35399
NW_021638243	31099	90186	174394	23143
NW_021638244	9573	0	15490	0
NW_021638245	51	32557	0	3037
NW_021638246	12143	2148	16466	128
NW_021638247	17085	179	29367	69
NW_021638248	3304	3269	20331	4156
NW_021638249	39	61	11110	14
NW_021638250	14	105	27651	2053
NW_021638251	446	414	24640	160
NW_021638252	654	2995	21048	976
NW_021638253	14109	31659	113231	18671
NW_021638254	15105	88568	29149	38244
NW_021638255	5	0	23763	0
NW_021638256	18350	223	1775	0
NW_021638257	4912	17046	89307	36837
NW_021638258	403	1303	18696	3114
NW_021638259	10621	709	19682	0
NW_021638260	7470	0	18511	0
NW_021638261	2484	22163	0	3374
NW_021638262	11546	153	8830	0
NW_021638263	4107	9168	30384	7236
NW_021638264	28542	6021	5723	0
NW_021638265	4763	3417	31751	2345
NW_021638266	3	616	22678	33
NW_021638267	627	38113	0	639
NW_021638268	82	281	37748	966
NW_021638269	102813	138731	781145	43761
NW_021638270	12655	7609	428060	3471
NW_021638271	193143	702334	1567139	527047
NW_021638272	110686	358701	629328	298777
NW_021638273	1791	15498	16103	6488
NW_021638274	3090	6074	29252	2500
NW_021638275	172	998	35275	0
NW_021638276	36719	102803	497106	106464
NW_021638277	2380	8199	16930	4571
NW_021638278	86302	487965	1305173	231665
NW_021638279	885	0	19920	0
NW_021638280	2576	14324	7613	4038
