Type	MissingReadOrGap	MissingNon-ReadOrGap	Non-MissingReadOrGap	Non-MissingNon-ReadOrGap
Genome	83378133	130034477	1619391498	25731463
NC_041728	9562348	14345620	160842990	1755058
NC_041729	8848733	12220202	148840420	1810308
NC_041730	7247163	9799770	123617127	1323022
NC_041731	6232114	8238203	120369347	1254725
NC_041732	5961565	8633970	94458166	1239329
NC_041733	1988859	2562832	46551439	390362
NC_041734	3403829	4664934	74532574	736706
NC_041735	2221819	3307868	64851474	568653
NC_041736	1590540	2336731	57546217	387735
NC_041737	2165558	3253988	53556381	468769
NC_041738	3142987	4903250	54775422	684372
NC_041739	1893159	3597935	54403114	561841
NC_041740	1232052	2156404	38657464	248722
NC_041741	1455348	1947899	49128333	357826
NC_041742	818113	1028502	24348948	179456
NC_041743	1658426	2348449	41945672	444728
NC_041744	1735785	3335435	40060492	404958
NC_041745	1602483	3559736	39157720	364562
NC_041746	804497	1396748	32722700	196596
NC_041747	692567	2425233	27259576	158158
NC_041748	1657667	2598782	19930128	328282
NC_041749	5708469	9620551	107913896	1797998
NC_041750	1447625	2280210	25486671	447600
NC_041751	811325	1239192	31563021	249798
NC_041752	648711	1508264	6232366	250115
NC_041753	3455628	6414346	59199568	1069778
NW_021638003	93380	382157	76339	682124
NW_021638004	295393	1703273	522891	2399568
NW_021638005	103001	905368	87944	1921258
NW_021638006	85687	648775	38415	245123
NW_021638007	61864	466901	3228	46400
NW_021638008	4377	960	15629	287
NW_021638009	1501	1374	19202	0
NW_021638010	38957	199	31985	0
NW_021638011	950	0	20610	0
NW_021638012	5442	3755	44966	550
NW_021638013	4465	6712	17828	729
NW_021638014	704	0	31053	0
NW_021638015	4310	37866	0	5293
NW_021638016	34835	0	19568	0
NW_021638017	3365	3065	27819	1388
NW_021638018	0	17255	0	3062
NW_021638019	6444	0	14381	0
NW_021638020	14732	0	5647	0
NW_021638021	10526	25581	7622	2112
NW_021638022	11862	11707	20194	1693
NW_021638023	1031	665	24499	531
NW_021638024	555	24	32112	475
NW_021638025	10024	74	13841	0
NW_021638026	1630	1268	43006	3319
NW_021638027	727	39306	0	2955
NW_021638028	310	0	26983	0
NW_021638029	6038	7448	31577	2706
NW_021638030	3286	1875	22182	1168
NW_021638031	828	0	21229	99
NW_021638032	2395	1446	28240	1114
NW_021638033	700	419	22516	6
NW_021638034	8687	74	19227	0
NW_021638035	63390	73071	26876	9306
NW_021638036	14246	0	10678	0
NW_021638037	0	23103	0	2659
NW_021638038	3005	3195	26178	1365
NW_021638039	4163	53597	0	892
NW_021638040	256693	224721	741429	57915
NW_021638041	7809	6705	85138	1880
NW_021638042	1905	737	50804	15
NW_021638043	243573	1664703	20590	282374
NW_021638044	7277	0	31432	0
NW_021638045	2123	2743	23870	664
NW_021638046	9154	6706	30096	3823
NW_021638047	285	2293	24966	5910
NW_021638048	175	147	22883	352
NW_021638049	1559	2737	18402	2649
NW_021638050	1662	24591	118	6779
NW_021638051	2320	0	21583	0
NW_021638052	9205	7354	20534	732
NW_021638053	11761	29	11715	0
NW_021638054	714	774	19711	99
NW_021638055	2286	7482	13715	628
NW_021638056	25638	247	7082	0
NW_021638057	5926	66729	9	2683
NW_021638058	10471	11509	15186	1427
NW_021638059	13522	17473	59372	1728
NW_021638060	1152	798	24779	286
NW_021638061	16257	0	17333	0
NW_021638062	112557	250832	1017313	357019
NW_021638063	13974	7044	423346	439121
NW_021638064	3968	1974	43776	256
NW_021638065	7511	52913	0	6267
NW_021638066	308	254	94191	742
NW_021638067	135544	93305	379728	17241
NW_021638068	13927	4271	29389	141
NW_021638069	8408	4900	39891	1665
NW_021638070	1408	424	26404	0
NW_021638071	33689	663	5916	0
NW_021638072	60994	91737	46869	15098
NW_021638073	7390	2559	26219	1152
NW_021638074	11796	49	27984	0
NW_021638075	2232	1705	41051	274
NW_021638076	1477	21790	0	643
NW_021638077	8510	0	32227	0
NW_021638078	914	2457	48743	1210
NW_021638079	278491	366790	3519114	43967
NW_021638080	3280	22337	0	3111
NW_021638081	5946	1355	24641	139
NW_021638082	2883	2094	32452	351
NW_021638083	35720	617	11173	0
NW_021638084	2074	1761	31161	463
NW_021638085	1019	720	53656	651
NW_021638086	26310	54664	23955	5047
NW_021638087	13448	4464	36333	2892
NW_021638088	530	0	59258	24
NW_021638089	3191	13413	20357	202
NW_021638090	19660	0	28259	0
NW_021638091	0	0	25603	0
NW_021638092	4662	1344	31586	0
NW_021638093	19182	398	3930	0
NW_021638094	6561	449	36519	1120
NW_021638095	8958	0	14697	0
NW_021638096	4255	6332	22139	4076
NW_021638097	3831	16735	0	1650
NW_021638098	7568	24	14754	0
NW_021638099	1030	306	20416	1924
NW_021638100	2396	112	44165	736
NW_021638101	3035	2844	33340	148
NW_021638102	1749	1098	46833	0
NW_021638103	3342	4003	18732	1245
NW_021638104	4677	2771	32745	225
NW_021638105	25622	127	1655	0
NW_021638106	4466	6218	12289	346
NW_021638107	1454	68092	0	4311
NW_021638108	1253	16788	0	2202
NW_021638109	7639	1647	24663	0
NW_021638110	14616	35453	38324	3312
NW_021638111	5165	1065	17495	185
NW_021638112	3760	3462	24811	756
NW_021638113	4338	2643	27710	901
NW_021638114	11804	8605	49220	2075
NW_021638115	588	49	24769	0
NW_021638116	63558	31872	636311	9738
NW_021638117	2814	9779	24490	6289
NW_021638118	14313	497	5603	0
NW_021638119	50028	55299	214798	8298
NW_021638120	1959	462	43985	111
NW_021638121	2098	597	56739	443
NW_021638122	2517	673	34821	0
NW_021638123	1903	26597	0	918
NW_021638124	0	0	30793	0
NW_021638125	17803	0	16046	0
NW_021638126	43475	49	40961	0
NW_021638127	7366	4449	43359	1089
NW_021638128	9343	5842	32801	1096
NW_021638129	26310	0	20698	0
NW_021638130	3780	3043	49459	2562
NW_021638131	55753	403	17453	0
NW_021638132	26330	50	48170	0
NW_021638133	17539	20	6562	0
NW_021638134	9571	0	31051	0
NW_021638135	0	0	22046	0
NW_021638136	3898	48869	10	1562
NW_021638137	30	0	26792	0
NW_021638138	13488	0	22063	0
NW_021638139	157980	10983	68265	491
NW_021638140	8959	9364	10518	1714
NW_021638141	1271	0	21462	0
NW_021638142	15273	0	40201	0
NW_021638143	19022	247	5037	0
NW_021638144	13028	30588	6930	5301
NW_021638145	951	20186	0	3004
NW_021638146	8350	11817	147579	6926
NW_021638147	20623	0	18636	0
NW_021638148	2498	1141	18860	1783
NW_021638149	12777	0	19701	0
NW_021638150	1649	175	28879	93
NW_021638151	7641	8297	18495	614
NW_021638152	4961	399	20066	0
NW_021638153	11	0	24920	0
NW_021638154	3671	0	22595	0
NW_021638155	10335	11043	24183	1765
NW_021638156	1828	3177	31428	1141
NW_021638157	349	0	20168	24
NW_021638158	13542	21936	15379	28
NW_021638159	8555	3474	14576	230
NW_021638160	17131	14250	31142	3619
NW_021638161	19690	26988	398149	14967
NW_021638162	17006	50	14921	0
NW_021638163	299	4214	14180	22782
NW_021638164	2417	3091	30070	6448
NW_021638165	4879	10662	22407	2562
NW_021638166	10533	18509	31078	2496
NW_021638167	5524	0	19215	0
NW_021638168	12584	9648	26183	1163
NW_021638169	21330	27574	29681	2570
NW_021638170	4264	29235	3129	139
NW_021638171	11956	8394	32298	45
NW_021638172	42615	36855	334828	6866
NW_021638173	11048	0	18506	0
NW_021638174	11394	0	15362	0
NW_021638175	9563	0	11267	0
NW_021638176	39534	0	17427	0
NW_021638177	3408	39	27156	2103
NW_021638178	0	14484	0	0
NW_021638179	1879	18840	0	904
NW_021638180	3566	775	44767	411
NW_021638181	2269	8805	17630	359
NW_021638182	927	0	45630	0
NW_021638183	2338	23014	16	3266
NW_021638184	23839	74	11060	0
NW_021638185	709	593	25889	1883
NW_021638186	733	0	26364	100
NW_021638187	5311	2693	45432	0
NW_021638188	8504	4697	23130	518
NW_021638189	5646	6199	14140	2686
NW_021638190	756	0	21512	0
NW_021638191	18286	426	2867	0
NW_021638192	0	0	35538	0
NW_021638193	3541	3703	26567	44
NW_021638194	15816	873	30851	0
NW_021638195	4641	10842	17661	675
NW_021638196	33809	148	12125	0
NW_021638197	697	1821	20237	1
NW_021638198	145	2105	39375	5610
NW_021638199	5115	1475	4179	1364
NW_021638200	9389	1869	13372	817
NW_021638201	827	9039	12862	5292
NW_021638202	7652	858	23027	235
NW_021638203	14618	9266	185343	11499
NW_021638204	3335	0	47105	0
NW_021638205	7509	6846	34971	2536
NW_021638206	12018	4887	10106	150
NW_021638207	2158	3998	78359	794
NW_021638208	952	18326	0	2958
NW_021638209	7698	1970	32535	3635
NW_021638210	4227	7344	30165	1650
NW_021638211	21108	372	22542	0
NW_021638212	5293	2245	24561	1318
NW_021638213	1039	229	23348	192
NW_021638214	13276	1147	13532	98
NW_021638215	1342	0	30113	0
NW_021638216	26639	1794	4933	0
NW_021638217	5625	8422	18461	1237
NW_021638218	7862	4146	43094	1749
NW_021638219	1474	767	28986	1036
NW_021638220	375	208	30325	10
NW_021638221	27777	19419	173210	8251
NW_021638222	4916	7396	24084	649
NW_021638223	9560	0	31702	0
NW_021638224	1197	99	54302	4
NW_021638225	82768	58599	315056	369682
NW_021638226	1944	267	25487	7
NW_021638227	2254	40354	0	1127
NW_021638228	6734	0	28479	0
NW_021638229	20985	18322	100751	14595
NW_021638230	5813	97178	0	6085
NW_021638231	22552	270	16975	0
NW_021638232	1274	0	31580	0
NW_021638233	16642	21818	15011	716
NW_021638234	11394	0	9754	0
NW_021638235	27051	872	875	0
NW_021638236	4495	8712	10260	6316
NW_021638237	6248	0	17683	0
NW_021638238	5847	9093	10738	638
NW_021638239	6747	0	21760	0
NW_021638240	636	397	20440	294
NW_021638241	3296	0	19098	0
NW_021638242	66408	56073	287914	9377
NW_021638243	62651	58634	187256	10281
NW_021638244	9573	0	15490	0
NW_021638245	1229	31379	0	3037
NW_021638246	13087	1204	16493	101
NW_021638247	17165	99	29436	0
NW_021638248	4540	2033	22421	2066
NW_021638249	50	50	11124	0
NW_021638250	64	55	28049	1655
NW_021638251	447	413	24789	11
NW_021638252	1429	2220	21348	676
NW_021638253	21847	23921	124309	7593
NW_021638254	36778	66895	51896	15497
NW_021638255	5	0	23763	0
NW_021638256	18573	0	1775	0
NW_021638257	13123	8835	106955	19189
NW_021638258	707	999	20989	821
NW_021638259	10756	574	19682	0
NW_021638260	7470	0	18511	0
NW_021638261	5360	19287	76	3298
NW_021638262	11699	0	8830	0
NW_021638263	6470	6805	34863	2757
NW_021638264	32097	2466	5723	0
NW_021638265	6243	1937	33140	956
NW_021638266	20	599	22711	0
NW_021638267	1155	37585	0	639
NW_021638268	127	236	38552	162
NW_021638269	153149	88395	807765	17141
NW_021638270	15745	4519	430136	1395
NW_021638271	363992	531485	1727742	366444
NW_021638272	217766	251621	682723	245382
NW_021638273	7639	9650	21838	753
NW_021638274	5339	3825	30990	762
NW_021638275	496	674	35275	0
NW_021638276	68216	71306	556173	47397
NW_021638277	3892	6687	18317	3184
NW_021638278	198534	375733	1458389	78449
NW_021638279	885	0	19920	0
NW_021638280	7252	9648	10053	1598
