Type	CodingMissing	CodingNon-Missing	Non-CodingMissing	Non-CodingNon-Missing
Genome	4218005	27943973	209194605	1617178988
NC_041728	267550	1787546	23640418	160810502
NC_041729	255311	2133527	20813624	148517201
NC_041730	327525	1866991	16719408	123073158
NC_041731	146513	1514479	14323804	120109593
NC_041732	332771	1681933	14262764	94015562
NC_041733	144023	798138	4407668	46143663
NC_041734	117230	1243559	7951533	74025721
NC_041735	94004	1019521	5435683	64400606
NC_041736	55130	1050649	3872141	56883303
NC_041737	272323	1064273	5147223	52960877
NC_041738	243851	1313227	7802386	54146567
NC_041739	54988	667486	5436106	54297469
NC_041740	217364	1036116	3171092	37870070
NC_041741	83274	944017	3319973	48542142
NC_041742	57821	481013	1788794	24047391
NC_041743	132421	1077111	3874454	41313289
NC_041744	120196	887174	4951024	39578276
NC_041745	92552	640255	5069667	38882027
NC_041746	60683	726866	2140562	32192430
NC_041747	44775	654956	3073025	26762778
NC_041748	192096	539018	4064353	19719392
NC_041749	130808	1723337	15198212	107988557
NC_041750	123343	763535	3604492	25170736
NC_041751	62917	436281	1987600	31376538
NC_041752	71876	280024	2085099	6202457
NC_041753	387814	1108060	9482160	59161286
NW_021638003	615	5613	474922	752850
NW_021638004	9855	20394	1988811	2902065
NW_021638005	5812	8585	1002557	2000617
NW_021638006	5896	6023	728566	277515
NW_021638007	7216	2315	521549	47313
NW_021638008	0	0	5337	15916
NW_021638009	0	0	2875	19202
NW_021638010	0	0	39156	31985
NW_021638011	0	0	950	20610
NW_021638012	0	0	9197	45516
NW_021638013	73	236	11104	18321
NW_021638014	0	0	704	31053
NW_021638015	0	0	42176	5293
NW_021638016	0	0	34835	19568
NW_021638017	0	0	6430	29207
NW_021638018	0	0	17255	3062
NW_021638019	0	0	6444	14381
NW_021638020	0	0	14732	5647
NW_021638021	0	0	36107	9734
NW_021638022	500	1866	23069	20021
NW_021638023	0	0	1696	25030
NW_021638024	0	0	579	32587
NW_021638025	0	0	10098	13841
NW_021638026	0	0	2898	46325
NW_021638027	0	0	40033	2955
NW_021638028	0	0	310	26983
NW_021638029	0	0	13486	34283
NW_021638030	0	0	5161	23350
NW_021638031	0	0	828	21328
NW_021638032	0	0	3841	29354
NW_021638033	0	1381	1119	21141
NW_021638034	0	0	8761	19227
NW_021638035	0	0	136461	36182
NW_021638036	0	0	14246	10678
NW_021638037	0	0	23103	2659
NW_021638038	0	0	6200	27543
NW_021638039	0	0	57760	892
NW_021638040	0	0	481414	799344
NW_021638041	0	1719	14514	85299
NW_021638042	341	580	2301	50239
NW_021638043	9203	23272	1899073	279692
NW_021638044	0	0	7277	31432
NW_021638045	0	0	4866	24534
NW_021638046	0	0	15860	33919
NW_021638047	0	0	2578	30876
NW_021638048	0	918	322	22317
NW_021638049	0	0	4296	21051
NW_021638050	225	0	26028	6897
NW_021638051	0	0	2320	21583
NW_021638052	0	0	16559	21266
NW_021638053	0	0	11790	11715
NW_021638054	0	0	1488	19810
NW_021638055	342	1659	9426	12684
NW_021638056	0	0	25885	7082
NW_021638057	0	0	72655	2692
NW_021638058	0	0	21980	16613
NW_021638059	0	0	30995	61100
NW_021638060	266	1633	1684	23432
NW_021638061	0	0	16257	17333
NW_021638062	0	11079	363389	1363253
NW_021638063	0	4518	21018	857949
NW_021638064	0	0	5942	44032
NW_021638065	0	0	60424	6267
NW_021638066	0	2787	562	92146
NW_021638067	0	6504	228849	390465
NW_021638068	0	0	18198	29530
NW_021638069	0	0	13308	41556
NW_021638070	0	0	1832	26404
NW_021638071	0	0	34352	5916
NW_021638072	0	0	152731	61967
NW_021638073	0	0	9949	27371
NW_021638074	0	0	11845	27984
NW_021638075	403	2102	3534	39223
NW_021638076	0	0	23267	643
NW_021638077	0	0	8510	32227
NW_021638078	0	0	3371	49953
NW_021638079	65122	241589	580159	3321492
NW_021638080	0	0	25617	3111
NW_021638081	0	0	7301	24780
NW_021638082	0	0	4977	32803
NW_021638083	0	0	36337	11173
NW_021638084	0	0	3835	31624
NW_021638085	1	7376	1738	46931
NW_021638086	0	0	80974	29002
NW_021638087	0	0	17912	39225
NW_021638088	0	0	530	59282
NW_021638089	1697	1469	14907	19090
NW_021638090	0	0	19660	28259
NW_021638091	0	0	0	25603
NW_021638092	0	0	6006	31586
NW_021638093	0	0	19580	3930
NW_021638094	0	0	7010	37639
NW_021638095	0	0	8958	14697
NW_021638096	0	0	10587	26215
NW_021638097	0	0	20566	1650
NW_021638098	0	0	7592	14754
NW_021638099	0	0	1336	22340
NW_021638100	0	0	2508	44901
NW_021638101	162	483	5717	33005
NW_021638102	0	0	2847	46833
NW_021638103	0	0	7345	19977
NW_021638104	0	0	7448	32970
NW_021638105	0	0	25749	1655
NW_021638106	0	0	10684	12635
NW_021638107	0	0	69546	4311
NW_021638108	0	0	18041	2202
NW_021638109	0	0	9286	24663
NW_021638110	0	0	50069	41636
NW_021638111	0	0	6230	17680
NW_021638112	357	909	6865	24658
NW_021638113	0	0	6981	28611
NW_021638114	0	0	20409	51295
NW_021638115	0	0	637	24769
NW_021638116	2915	18203	92515	627846
NW_021638117	63	2418	12530	28361
NW_021638118	0	0	14810	5603
NW_021638119	0	678	105327	222418
NW_021638120	0	0	2421	44096
NW_021638121	29	1391	2666	55791
NW_021638122	0	0	3190	34821
NW_021638123	0	0	28500	918
NW_021638124	0	0	0	30793
NW_021638125	0	0	17803	16046
NW_021638126	0	0	43524	40961
NW_021638127	0	0	11815	44448
NW_021638128	0	0	15185	33897
NW_021638129	0	0	26310	20698
NW_021638130	0	0	6823	52021
NW_021638131	0	0	56156	17453
NW_021638132	0	0	26380	48170
NW_021638133	0	0	17559	6562
NW_021638134	0	0	9571	31051
NW_021638135	0	0	0	22046
NW_021638136	0	0	52767	1572
NW_021638137	0	0	30	26792
NW_021638138	0	0	13488	22063
NW_021638139	0	0	168963	68756
NW_021638140	488	238	17835	11994
NW_021638141	0	0	1271	21462
NW_021638142	0	0	15273	40201
NW_021638143	0	0	19269	5037
NW_021638144	0	0	43616	12231
NW_021638145	0	0	21137	3004
NW_021638146	0	0	20167	154505
NW_021638147	0	0	20623	18636
NW_021638148	0	0	3639	20643
NW_021638149	0	0	12777	19701
NW_021638150	0	957	1824	28015
NW_021638151	0	0	15938	19109
NW_021638152	0	0	5360	20066
NW_021638153	0	0	11	24920
NW_021638154	0	0	3671	22595
NW_021638155	0	0	21378	25948
NW_021638156	0	900	5005	31669
NW_021638157	0	0	349	20192
NW_021638158	0	0	35478	15407
NW_021638159	0	0	12029	14806
NW_021638160	0	0	31381	34761
NW_021638161	42	10164	46636	402952
NW_021638162	0	0	17056	14921
NW_021638163	0	0	4513	36962
NW_021638164	0	0	5508	36518
NW_021638165	0	0	15541	24969
NW_021638166	0	0	29042	33574
NW_021638167	0	0	5524	19215
NW_021638168	0	0	22232	27346
NW_021638169	0	0	48904	32251
NW_021638170	3792	142	29707	3126
NW_021638171	0	0	20350	32343
NW_021638172	0	1887	79470	339807
NW_021638173	0	0	11048	18506
NW_021638174	0	0	11394	15362
NW_021638175	0	0	9563	11267
NW_021638176	0	0	39534	17427
NW_021638177	0	0	3447	29259
NW_021638178	0	0	14484	0
NW_021638179	0	0	20719	904
NW_021638180	0	0	4341	45178
NW_021638181	0	0	11074	17989
NW_021638182	0	0	927	45630
NW_021638183	0	0	25352	3282
NW_021638184	0	0	23913	11060
NW_021638185	0	0	1302	27772
NW_021638186	0	0	733	26464
NW_021638187	0	0	8004	45432
NW_021638188	0	0	13201	23648
NW_021638189	0	0	11845	16826
NW_021638190	0	0	756	21512
NW_021638191	0	0	18712	2867
NW_021638192	0	930	0	34608
NW_021638193	0	0	7244	26611
NW_021638194	0	0	16689	30851
NW_021638195	0	0	15483	18336
NW_021638196	0	0	33957	12125
NW_021638197	0	0	2518	20238
NW_021638198	0	0	2250	44985
NW_021638199	0	0	6590	5543
NW_021638200	0	0	11258	14189
NW_021638201	0	0	9866	18154
NW_021638202	0	0	8510	23262
NW_021638203	0	2439	23884	194403
NW_021638204	0	0	3335	47105
NW_021638205	0	0	14355	37507
NW_021638206	0	0	16905	10256
NW_021638207	0	2706	6156	76447
NW_021638208	0	0	19278	2958
NW_021638209	235	562	9433	35608
NW_021638210	702	912	10869	30903
NW_021638211	0	0	21480	22542
NW_021638212	0	0	7538	25879
NW_021638213	0	1065	1268	22475
NW_021638214	0	0	14423	13630
NW_021638215	0	0	1342	30113
NW_021638216	0	0	28433	4933
NW_021638217	0	0	14047	19698
NW_021638218	0	0	12008	44843
NW_021638219	0	0	2241	30022
NW_021638220	0	0	583	30335
NW_021638221	0	0	47196	181461
NW_021638222	0	0	12312	24733
NW_021638223	0	0	9560	31702
NW_021638224	0	780	1296	53526
NW_021638225	0	0	141367	684738
NW_021638226	0	0	2211	25494
NW_021638227	656	106	41952	1021
NW_021638228	0	0	6734	28479
NW_021638229	0	0	39307	115346
NW_021638230	0	0	102991	6085
NW_021638231	0	0	22822	16975
NW_021638232	0	930	1274	30650
NW_021638233	0	0	38460	15727
NW_021638234	0	0	11394	9754
NW_021638235	0	0	27923	875
NW_021638236	0	0	13207	16576
NW_021638237	0	0	6248	17683
NW_021638238	0	0	14940	11376
NW_021638239	0	0	6747	21760
NW_021638240	0	0	1033	20734
NW_021638241	0	0	3296	19098
NW_021638242	0	0	122481	297291
NW_021638243	0	0	121285	197537
NW_021638244	0	0	9573	15490
NW_021638245	0	0	32608	3037
NW_021638246	0	0	14291	16594
NW_021638247	0	0	17264	29436
NW_021638248	0	0	6573	24487
NW_021638249	0	0	100	11124
NW_021638250	0	0	119	29704
NW_021638251	0	0	860	24800
NW_021638252	0	0	3649	22024
NW_021638253	100	1937	45668	129965
NW_021638254	0	0	103673	67393
NW_021638255	0	0	5	23763
NW_021638256	0	0	18573	1775
NW_021638257	43	6500	21915	119644
NW_021638258	0	0	1706	21810
NW_021638259	0	0	11330	19682
NW_021638260	0	0	7470	18511
NW_021638261	0	0	24647	3374
NW_021638262	0	0	11699	8830
NW_021638263	0	0	13275	37620
NW_021638264	0	0	34563	5723
NW_021638265	0	0	8180	34096
NW_021638266	0	1359	619	21352
NW_021638267	0	0	38740	639
NW_021638268	0	0	363	38714
NW_021638269	1175	21448	240369	803458
NW_021638270	0	1335	20264	430196
NW_021638271	3031	12311	892446	2081875
NW_021638272	0	411	469387	927694
NW_021638273	1237	1173	16052	21418
NW_021638274	0	0	9164	31752
NW_021638275	0	0	1170	35275
NW_021638276	389	12277	139133	591293
NW_021638277	0	0	10579	21501
NW_021638278	5863	43712	568404	1493126
NW_021638279	0	0	885	19920
NW_021638280	0	0	16900	11651
